232 97 
231 120
232 142
237 163
246 183 
259 201 
271 219 
284 237 
300 242 
319 241 
337 228 
355 213 
372 196
386 178
395 157 
400 135 
403 112 
241 100 
255 98 
270 105 
283 111 
295 119 
319 121 
334 116 
350 112 
367 111 
383 114 
307 128 
305 147 
302 165 
300 183 
283 178 
291 185 
300 191 
311 187 
320 183 
257 113 
267 112 
279 115 
286 123 
275 123 
264 121 
331 128 
341 122 
353 122 
363 125 
354 130 
343 131 
272 190 
282 196 
293 199 
301 202 
310 201 
323 200 
340 196 
324 212 
310 217 
300 217 
291 215 
281 206 
276 195 
292 203 
300 206 
310 205 
334 199 
310 206 
301 207 
292 204